106.000000	1
105.000000	2
104.000000	2
103.000000	2
102.000000	2
101.000000	2
100.000000	1
99.000000	2
98.000000	2
107.000000	1
101.000000	1
97.000000	0
108.000000	1
107.000000	2
106.000000	2
105.000000	2
104.000000	2
103.000000	2
102.000000	2
96.000000	0
109.000000	1
105.000000	0
95.000000	0
110.000000	1
104.000000	0
103.000000	2
102.000000	2
92.000000	3
93.000000	3
94.000000	0
111.000000	1
103.000000	0
93.000000	0
112.000000	1
102.000000	0
120.000000	3
121.000000	3
0.000000	0
92.000000	0
113.000000	1
119.000000	0
91.000000	0
114.000000	3
115.000000	3
116.000000	3
117.000000	3
118.000000	0
117.000000	2
116.000000	2
90.000000	0
